PRIO 2
0000:    0  400   50   50 2 |  2616  2616   456  1760
0001:    0  300   40   40 4 |   886   886   146   440
0002:    1  200   30   50 2 |  2160  2159   247  1712
0003:    1  301   20   10 4 |   851   850   122   427
0004:    9  302   20   20 4 |   947   938   238   398
0005:   10  303   15   30 1 |  3312  3302   572  2427
0006:   10  304    5   40 3 |  3164  3154  1867   983
0007:   11  305   20   40 3 |  1870  1859   466  1088
0008:   20  306   20   10 3 |  1579  1559   151  1102
0009:   50  307   20   10 1 |  2924  2874   136  2431
SUM: 3312 91.43 78.59 2019.70 1276.80 0.302
