PRIO 5
0000:    0  400   50   50 2 |  2492  2492   352  1740
0001:    0  300   40   40 4 |  1010  1010   346   364
0002:    1  200   30   50 2 |  2282  2281   386  1695
0003:    1  301   20   10 4 |   822   821   142   378
0004:    9  302   20   20 4 |   940   931   227   402
0005:   10  303   15   30 1 |  3307  3297   596  2398
0006:   10  304    5   40 3 |  3396  3386  2033  1049
0007:   11  305   20   40 3 |  1871  1860   492  1063
0008:   20  306   20   10 3 |  1555  1535   126  1103
0009:   50  307   20   10 1 |  2895  2845   156  2382
SUM: 3396 89.16 82.27 2045.80 1257.40 0.294
